0000111000000000000000000
0010001110000000000000000
0110000011000000000000000
0100000001000000000000000
0100000001000000000000000
0110000001000000000000000
0011000011000000000000000
0001111110000000000000000
0000000000000000000000000
0000000000000000000000000
0000000000000000000000000
0000000001110000000000000
0000000011000000000000000
0000000010000000000000000
0000000010000000333330000
0000000010000000333330000
0000000011001000333330000
0000000000111000333330000
0000000000000000333330000
0000003333300000333330000
0000003333300000000000000
0000000000000000000000000
0000000000000033333000000
0000000000000033333000000
0000000000000033333000000
